j一般战舰 2528 227 2561 214 2603 326 2570 339 SAR GF3 1.5
j一般战舰 Rect: 2528 214 2604 340
j一般战舰 2585 354 2612 345 2649 453 2622 462 SAR GF3 1.5
j一般战舰 Rect: 2585 345 2650 463
j一般战舰 2645 508 2670 499 2706 598 2681 607 SAR GF3 1.5
j一般战舰 Rect: 2645 499 2707 608
散装货船 1341 244 1314 255 1280 179 1307 168 SAR GF3 1.5
散装货船 Rect: 1280 168 1342 256
散装货船 626 28 651 27 656 97 631 98 SAR GF3 1.5
散装货船 Rect: 626 27 657 99
散装货船 838 11 867 4 883 79 854 86 SAR GF3 1.5
散装货船 Rect: 838 4 884 87
散装货船 1419 553 1400 574 1335 517 1354 496 SAR GF3 1.5
散装货船 Rect: 1335 496 1420 575
散装货船 988 420 1013 407 1043 463 1018 476 SAR GF3 1.5
散装货船 Rect: 988 407 1044 477
散装货船 672 413 625 432 592 348 639 329 SAR GF3 1.5
散装货船 Rect: 592 329 673 433
散装货船 269 552 296 543 317 605 290 614 SAR GF3 1.5
散装货船 Rect: 269 543 318 615
散装货船 765 661 744 668 724 604 745 597 SAR GF3 1.5
散装货船 Rect: 724 597 766 669
散装货船 1023 983 992 1000 943 908 974 891 SAR GF3 1.5
散装货船 Rect: 943 891 1024 1001
散装货船 243 1337 206 1362 148 1277 185 1252 SAR GF3 1.5
散装货船 Rect: 148 1252 244 1363
散装货船 496 1557 455 1584 393 1489 434 1462 SAR GF3 1.5
散装货船 Rect: 393 1462 497 1585
散装货船 994 1575 969 1612 881 1552 906 1515 SAR GF3 1.5
散装货船 Rect: 881 1515 995 1613
