其他工程船 203 467 208 484 114 506 110 488 光学RGB 收集 1.034346
其他工程船 Rect: 110 467 208 506
散装货船 92 699 90 686 162 674 165 686 光学RGB 收集 1.034346
散装货船 Rect: 90 674 165 699
散装货船 356 622 364 632 300 678 292 668 光学RGB 收集 1.034346
散装货船 Rect: 292 622 364 679
散装货船 255 698 260 684 322 706 317 720 光学RGB 收集 1.034346
散装货船 Rect: 255 684 323 721
散装货船 451 598 450 608 399 606 399 595 光学RGB 收集 1.034346
散装货船 Rect: 399 595 451 609
散装货船 452 608 451 614 397 612 398 606 光学RGB 收集 1.034346
散装货船 Rect: 397 606 452 615
散装货船 451 615 450 624 397 621 398 612 光学RGB 收集 1.034346
散装货船 Rect: 397 612 451 625
散装货船 385 525 379 517 425 487 431 495 光学RGB 收集 1.034346
散装货船 Rect: 379 487 431 526
散装货船 431 494 435 500 391 530 386 524 光学RGB 收集 1.034346
散装货船 Rect: 386 494 436 531
散装货船 525 510 529 520 481 544 476 533 光学RGB 收集 1.034346
散装货船 Rect: 476 510 530 544
散装货船 573 500 566 494 594 467 600 473 光学RGB 收集 1.034346
散装货船 Rect: 566 467 601 501
散装货船 553 369 574 386 523 447 503 429 光学RGB 收集 1.034346
散装货船 Rect: 503 369 574 447
散装货船 325 439 320 452 269 428 274 415 光学RGB 收集 1.034346
散装货船 Rect: 269 415 326 452
散装货船 328 433 325 442 274 420 278 411 光学RGB 收集 1.034346
散装货船 Rect: 274 411 329 442
散装货船 279 412 283 404 331 427 326 435 光学RGB 收集 1.034346
散装货船 Rect: 279 404 331 436
散装货船 282 404 285 397 332 418 329 426 光学RGB 收集 1.034346
散装货船 Rect: 282 397 333 426
散装货船 286 396 291 386 339 411 334 420 光学RGB 收集 1.034346
散装货船 Rect: 286 386 339 421
散装货船 349 404 344 416 293 392 299 381 光学RGB 收集 1.034346
散装货船 Rect: 293 381 350 416
散装货船 354 398 351 408 302 387 305 377 光学RGB 收集 1.034346
散装货船 Rect: 302 377 355 408
散装货船 303 377 306 369 353 389 349 397 光学RGB 收集 1.034346
散装货船 Rect: 303 369 353 398
散装货船 363 382 359 393 308 374 311 363 光学RGB 收集 1.034346
散装货船 Rect: 308 363 363 393
散装货船 365 374 361 384 312 367 316 356 光学RGB 收集 1.034346
散装货船 Rect: 312 356 365 385
散装货船 520 201 533 214 489 258 476 245 光学RGB 收集 1.034346
散装货船 Rect: 476 201 534 259
散装货船 512 281 516 292 476 306 473 295 光学RGB 收集 1.034346
散装货船 Rect: 473 281 516 306
散装货船 511 291 513 301 480 310 477 300 光学RGB 收集 1.034346
散装货船 Rect: 477 291 514 311
散装货船 516 297 518 303 479 316 477 310 光学RGB 收集 1.034346
散装货船 Rect: 477 297 519 317
散装货船 683 375 693 382 663 425 652 417 光学RGB 收集 1.034346
散装货船 Rect: 652 375 694 425
散装货船 675 433 660 421 693 375 708 386 光学RGB 收集 1.034346
散装货船 Rect: 660 375 709 433
散装货船 773 267 782 268 773 315 764 313 光学RGB 收集 1.034346
散装货船 Rect: 764 267 783 315
散装货船 781 315 773 314 782 267 791 269 光学RGB 收集 1.034346
散装货船 Rect: 773 267 791 316
散装货船 789 318 782 316 792 270 800 271 光学RGB 收集 1.034346
散装货船 Rect: 782 270 800 318
散装货船 798 320 791 319 800 272 807 274 光学RGB 收集 1.034346
散装货船 Rect: 791 272 808 321
散装货船 806 272 817 275 806 323 796 320 光学RGB 收集 1.034346
散装货船 Rect: 796 272 817 323
散装货船 870 399 885 399 883 446 867 446 光学RGB 收集 1.034346
散装货船 Rect: 867 399 886 447
散装货船 961 432 970 432 972 479 963 480 光学RGB 收集 1.034346
散装货船 Rect: 961 432 973 480
散装货船 809 495 819 503 788 544 777 536 光学RGB 收集 1.034346
散装货船 Rect: 777 495 820 545
散装货船 831 575 844 580 828 626 816 621 光学RGB 收集 1.034346
散装货船 Rect: 816 575 844 626
其他工程船 761 677 742 682 726 616 744 611 光学RGB 收集 1.034346
其他工程船 Rect: 726 611 761 682
其他工程船 703 277 705 266 769 282 767 293 光学RGB 收集 1.034346
其他工程船 Rect: 703 266 770 294
其他工程船 772 269 769 281 706 266 709 253 光学RGB 收集 1.034346
其他工程船 Rect: 706 253 772 282
其他工程船 714 256 717 243 783 255 781 269 光学RGB 收集 1.034346
其他工程船 Rect: 714 243 784 269
其他工程船 721 243 724 229 784 242 782 256 光学RGB 收集 1.034346
其他工程船 Rect: 721 229 785 256
j其他船 336 77 340 92 215 122 211 107 光学RGB 收集 1.034346
j其他船 Rect: 211 77 340 123
散装货船 601 78 602 84 550 96 548 89 光学RGB 收集 1.034346
散装货船 Rect: 548 78 603 96
散装货船 599 71 600 77 547 89 545 82 光学RGB 收集 1.034346
散装货船 Rect: 545 71 601 89
散装货船 595 65 595 71 547 78 547 72 光学RGB 收集 1.034346
散装货船 Rect: 547 65 596 79
散装货船 646 69 645 76 613 75 613 68 光学RGB 收集 1.034346
散装货船 Rect: 613 68 646 76
集装箱船 646 75 646 80 613 80 613 74 光学RGB 收集 1.034346
集装箱船 Rect: 613 74 647 81
散装货船 691 45 698 45 698 74 692 75 光学RGB 收集 1.034346
散装货船 Rect: 691 45 699 75
j其他船 751 94 750 101 712 95 714 88 光学RGB 收集 1.034346
j其他船 Rect: 712 88 752 102
j其他船 764 111 763 93 847 90 847 108 光学RGB 收集 1.034346
j其他船 Rect: 763 90 848 111
j其他船 924 101 925 112 845 114 844 102 光学RGB 收集 1.034346
j其他船 Rect: 844 101 925 114
油气运输船 1047 80 1049 89 994 97 993 87 光学RGB 收集 1.034346
油气运输船 Rect: 993 80 1049 97
散装货船 1123 123 1122 133 1056 126 1057 116 光学RGB 收集 1.034346
散装货船 Rect: 1056 116 1123 133
散装货船 1125 113 1125 123 1057 116 1057 106 光学RGB 收集 1.034346
散装货船 Rect: 1057 106 1126 123
散装货船 1128 102 1127 112 1051 105 1051 95 光学RGB 收集 1.034346
散装货船 Rect: 1051 95 1128 112
j其他船 1256 85 1255 91 1206 82 1208 76 光学RGB 收集 1.034346
j其他船 Rect: 1206 76 1257 91
j其他船 1251 89 1251 96 1209 91 1209 85 光学RGB 收集 1.034346
j其他船 Rect: 1209 85 1252 96
j其他船 1241 94 1240 100 1208 96 1208 90 光学RGB 收集 1.034346
j其他船 Rect: 1208 90 1241 100
j其他船 1148 197 1150 204 1097 215 1096 208 光学RGB 收集 1.034346
j其他船 Rect: 1096 197 1150 216
其他工程船 1150 344 1145 357 1092 333 1098 320 光学RGB 收集 1.034346
其他工程船 Rect: 1092 320 1151 357
散装货船 1238 385 1243 394 1201 419 1196 411 光学RGB 收集 1.034346
散装货船 Rect: 1196 385 1244 420
散装货船 1074 488 1090 487 1090 535 1075 535 光学RGB 收集 1.034346
散装货船 Rect: 1074 487 1090 536
散装货船 635 552 646 558 625 600 615 595 光学RGB 收集 1.034346
散装货船 Rect: 615 552 646 601
散装货船 678 773 692 773 691 822 677 821 光学RGB 收集 1.034346
散装货船 Rect: 677 773 693 822
散装货船 613 782 624 779 637 824 625 828 光学RGB 收集 1.034346
散装货船 Rect: 613 779 637 828
散装货船 474 777 482 784 452 823 444 816 光学RGB 收集 1.034346
散装货船 Rect: 444 777 482 823
散装货船 470 771 476 775 442 820 437 815 光学RGB 收集 1.034346
散装货船 Rect: 437 771 476 820
散装货船 459 768 468 776 437 817 427 810 光学RGB 收集 1.034346
散装货船 Rect: 427 768 469 818
散装货船 154 906 157 890 240 910 237 925 光学RGB 收集 1.034346
散装货船 Rect: 154 890 241 926
散装货船 339 902 327 900 334 852 346 853 光学RGB 收集 1.034346
散装货船 Rect: 327 852 346 902
散装货船 464 960 475 964 462 1011 450 1008 光学RGB 收集 1.034346
散装货船 Rect: 450 960 476 1012
散装货船 545 884 556 886 545 934 534 931 光学RGB 收集 1.034346
散装货船 Rect: 534 884 557 934
散装货船 320 1040 338 1024 400 1094 382 1109 光学RGB 收集 1.034346
散装货船 Rect: 320 1024 400 1110
